0        0       0.0
0        1       0.1294
0        2       0.4531
0        3       0.242
0        4       0.1422
0        5       0.3727
0        6       0.1761
0        7       0.3581
0        8       0.1483
0        9       0.1108
0        10      0.3688
0        11      0.4875
0        12      0.1461
1        0       0.1294
1        1       0.0
1        2       0.547
1        3       0.2941
1        4       0.1581
1        5       0.4584
1        6       0.2971
1        7       0.4538
1        8       0.266
1        9       0.234
1        10      0.4731
1        11      0.5606
1        12      0.1636
2        0       0.4531
2        1       0.547
2        2       0.0
2        3       0.3394
2        4       0.4475
2        5       0.2499
2        6       0.3098
2        7       0.1065
2        8       0.3337
2        9       0.3685
2        10      0.107
2        11      0.2607
2        12      0.4025
3        0       0.242
3        1       0.2941
3        2       0.3394
3        3       0.0
3        4       0.1816
3        5       0.2009
3        6       0.2192
3        7       0.284
3        8       0.2066
3        9       0.217
3        10      0.2807
3        11      0.2872
3        12      0.1794
4        0       0.1422
4        1       0.1581
4        2       0.4475
4        3       0.1816
4        4       0.0
4        5       0.3239
4        6       0.2175
4        7       0.3655
4        8       0.1947
4        9       0.2017
4        10      0.3758
4        11      0.4191
4        12      0.1415
5        0       0.3727
5        1       0.4584
5        2       0.2499
5        3       0.2009
5        4       0.3239
5        5       0.0
5        6       0.2487
5        7       0.2365
5        8       0.2706
5        9       0.3106
5        10      0.1969
5        11      0.1412
5        12      0.3467
6        0       0.1761
6        1       0.2971
6        2       0.3098
6        3       0.2192
6        4       0.2175
6        5       0.2487
6        6       0.0
6        7       0.2212
6        8       0.0631
6        9       0.0998
6        10      0.2149
6        11      0.3682
6        12      0.2244
7        0       0.3581
7        1       0.4538
7        2       0.1065
7        3       0.284
7        4       0.3655
7        5       0.2365
7        6       0.2212
7        7       0.0
7        8       0.2492
7        9       0.2777
7        10      0.0662
7        11      0.2909
7        12      0.317
8        0       0.1483
8        1       0.266
8        2       0.3337
8        3       0.2066
8        4       0.1947
8        5       0.2706
8        6       0.0631
8        7       0.2492
8        8       0.0
8        9       0.0792
8        10      0.2482
8        11      0.388
8        12      0.1981
9        0       0.1108
9        1       0.234
9        2       0.3685
9        3       0.217
9        4       0.2017
9        5       0.3106
9        6       0.0998
9        7       0.2777
9        8       0.0792
9        9       0.0
9        10      0.2796
9        11      0.4295
9        12      0.1768
10       0       0.3688
10       1       0.4731
10       2       0.107
10       3       0.2807
10       4       0.3758
10       5       0.1969
10       6       0.2149
10       7       0.0662
10       8       0.2482
10       9       0.2796
10       10      0.0
10       11      0.2608
10       12      0.3425
11       0       0.4875
11       1       0.5606
11       2       0.2607
11       3       0.2872
11       4       0.4191
11       5       0.1412
11       6       0.3682
11       7       0.2909
11       8       0.388
11       9       0.4295
11       10      0.2608
11       11      0.0
11       12      0.4334
12       0       0.1461
12       1       0.1636
12       2       0.4025
12       3       0.1794
12       4       0.1415
12       5       0.3467
12       6       0.2244
12       7       0.317
12       8       0.1981
12       9       0.1768
12       10      0.3425
12       11      0.4334
12       12      0.0
